T1 1 2 3 4 5 6 7 8 9 10 
T2 2 6 7 9 10 
T3 3 5 7 8 9 
T4 1 2 3 4 6 8 9 
T5 3 4 5 7 10 
T6 1 4 5 6 8 
T7 2 5 6 10 
T8 8 
T9 1 3 4 5 7 8 10 
T10 3 6 
T11 8 10 
T12 1 
T13 2 5 7 8 9 
T14 1 2 3 4 5 6 7 8 9 
T15 2 4 5 7 8 
T16 3 
T17 1 2 3 4 5 8 9 10 
T18 1 5 
T19 1 2 3 4 5 6 7 8 9 10 
T20 2 4 5 7 8 10 
T21 5 6 7 8 10 
T22 3 
T23 1 3 4 6 7 8 
T24 1 2 3 4 5 6 7 8 10 
T25 2 4 5 6 8 9 10 
T26 5 6 7 9 
T27 1 2 3 5 6 7 8 10 
T28 1 2 3 4 5 6 7 8 9 10 
T29 1 4 7 9 10 
T30 2 3 5 6 8 9 
T31 6 7 
T32 3 4 5 6 7 8 9 10 
T33 2 3 8 
T34 10 
T35 1 3 4 5 6 7 8 
T36 7 
T37 1 2 7 8 
T38 2 6 9 
